,Year,Tot_Prscrbrs,Tot_Opioid_Prscrbrs,Tot_Opioid_Clms,Tot_Clms,Opioid_Prscrbng_Rate,Opioid_Prscrbng_Rate_1Y_Chg,LA_Tot_Opioid_Clms,LA_Opioid_Prscrbng_Rate,LA_Opioid_Prscrbng_Rate_1Y_Chg,range_category,2018_age_adjusted_rate,2018_num_deaths,Normalized_Death_Rate,Normalized_Long-Acting_Rate,Normalized_Tot_Opioid_Clms,State Name,Source Year,SmokingValue,UnemploymentValue,FreqPhysDistressValue,ExcessiveDrinkingValue,EducationLTHSValue,ECigValue,Depression65UpValue,DepressionValue,CancerValue
0,2018,15088.0,9869.0,1938707.0,28106945.0,6.9,-0.31,162063.0,8.36,-0.97,16.1 to 18.5,16.6,775,15.856190287377592,3315.7442148945483,39772.54217162589,Alabama,2018,19.2,7.0,15.1,13.8,6.7,,19.7,24.0,8.1
1,2018,2550.0,1792.0,72081.0,1241959.0,5.8,-0.59,13417.0,18.61,-0.72,13.6 to 16.0,14.6,110,14.96315662752214,1825.09702246786,9744.626199810737,Alaska,2018,19.1,5.8,12.0,17.7,13.4,6.0,13.3,20.2,6.1
2,2018,24827.0,17019.0,1421243.0,25292924.0,5.62,-0.58,210345.0,14.8,-0.98,21.1 to 57.0,23.8,"1,670",23.330461032262534,2938.5903148690195,20176.62387663387,Arizona,2018,14.0,4.7,14.2,17.2,12.8,,13.8,16.7,7.6
3,2018,9346.0,7116.0,1065054.0,18046926.0,5.9,-0.3,91167.0,8.56,-0.95,13.6 to 16.0,15.7,444,14.752139143239615,3029.072678539924,35485.89049242923,Arkansas,2018,22.7,5.4,16.1,15.8,12.5,7.0,13.2,22.5,8.7
4,2018,124667.0,83030.0,6399200.0,139386198.0,4.59,-0.31,720716.0,11.26,-0.59,11.1 to 13.5,12.8,"5,348",13.552419633999524,1826.373535702618,16258.75093756756,California,2018,11.2,5.6,12.2,17.6,16.2,,13.9,15.4,5.8
5,2018,21108.0,15451.0,1050236.0,17163428.0,6.12,-0.54,149149.0,14.2,-0.99,16.1 to 18.5,16.8,995,17.4828645963558,2620.655046916453,18714.496109595973,Colorado,2018,14.5,4.0,9.8,20.8,8.1,7.5,11.3,15.7,6.4
6,2018,17737.0,11023.0,599086.0,16819369.0,3.56,-0.3,89357.0,14.92,-1.07,21.1 to 57.0,30.7,"1,069",29.931233760415733,2501.9319505420663,16765.636889404937,Connecticut,2018,12.2,5.6,10.5,19.0,9.1,5.6,11.0,15.5,7.5
7,2018,3643.0,2552.0,207167.0,4195767.0,4.94,-0.55,39941.0,19.28,-0.36,21.1 to 57.0,43.8,401,41.53378789181329,4136.910279767866,21651.548928067157,Delaware,2018,16.5,5.8,12.1,18.1,10.2,4.7,11.0,16.9,7.5
8,2018,75094.0,45907.0,5170763.0,107063112.0,4.83,-0.34,711359.0,13.76,-0.19,21.1 to 57.0,22.8,"4,698",669.6629021291517,101398.62332815904,744095.3164888488,Florida,2018,14.5,5.3,13.8,18.2,11.5,5.9,12.1,15.6,7.9
9,2018,30991.0,21722.0,2644972.0,48092412.0,5.5,-0.26,276313.0,10.45,-0.2,11.1 to 13.5,13.2,"1,404",6.608826256923204,1300.6443087814966,12616.966359758691,Georgia,2018,16.1,4.9,12.7,16.1,12.4,5.3,15.0,17.1,6.2
10,2018,4338.0,2871.0,145845.0,4035698.0,3.61,-0.25,18802.0,12.89,-0.8,13.6 to 16.0,14.3,213,2.026423226958165,178.8770399683916,1400.9642345631694,Hawaii,2018,13.4,3.9,10.5,21.3,8.0,7.1,8.8,12.6,5.9
11,2018,5857.0,4255.0,422838.0,6506229.0,6.5,-0.52,64218.0,15.19,-0.94,13.6 to 16.0,14.6,250,17.59828465999762,4520.506577182909,29685.487081163697,Idaho,2018,14.7,3.8,11.5,16.5,7.7,5.8,13.7,19.5,7.6
12,2018,47788.0,33088.0,2196328.0,52165864.0,4.21,-0.29,201126.0,9.16,-0.89,21.1 to 57.0,21.3,"2,722",155.49523117490872,11489.395248084016,127863.35335023564,Illinois,2018,15.5,4.1,11.0,20.4,9.1,,14.5,17.7,6.9
13,2018,22579.0,16463.0,1843460.0,34249339.0,5.38,-0.45,197512.0,10.71,-0.8,21.1 to 57.0,25.6,"1,629",12.803512611066935,1552.3925002069077,14425.892577942204,Indiana,2018,21.1,5.7,13.0,17.5,10.5,6.7,13.5,19.7,7.3
14,2018,11026.0,8075.0,671593.0,16893360.0,3.98,-0.31,85936.0,12.8,-0.82,6.9 to 11.0,9.6,287,4.2864629765348266,1283.489485545285,10086.8899403101,Iowa,2018,16.6,4.5,9.6,23.7,11.0,5.3,10.1,16.4,7.1
15,2018,10167.0,7529.0,766156.0,14111019.0,5.43,-0.33,102607.0,13.39,-1.0,11.1 to 13.5,12.4,345,10.957188201299743,3258.794810929748,24387.83403097197,Kansas,2018,17.2,3.9,11.5,17.1,9.0,5.5,15.3,20.7,7.1
16,2018,16461.0,10328.0,1587622.0,30442719.0,5.22,-0.1,114027.0,7.18,-0.74,21.1 to 57.0,30.9,"1,315",45.16790955701444,3916.624504226376,54581.5029164051,Kentucky,2018,23.4,5.4,15.3,15.9,13.2,,19.3,24.0,8.1
17,2018,17687.0,12685.0,1429198.0,26719462.0,5.35,-0.22,113312.0,7.93,-0.51,21.1 to 57.0,25.4,"1,140",25.553931909531013,2539.9711688884017,32100.448580363984,Louisiana,2018,20.5,6.6,14.2,18.8,14.2,5.7,17.5,23.2,6.8
18,2018,6253.0,4119.0,319189.0,6963414.0,4.58,-0.49,54494.0,17.07,-1.09,21.1 to 57.0,27.9,345,7.40392601224545,1169.4769394530538,6834.062724812443,Maine,2018,17.8,4.9,13.7,19.4,9.2,5.3,14.2,22.8,8.4
19,2018,23954.0,16088.0,969928.0,19464724.0,4.98,-0.49,162256.0,16.73,-0.79,21.1 to 57.0,37.2,"2,324",173.55497189440032,12117.183958561884,72674.9047663291,Maryland,2018,12.5,5.1,10.5,14.6,9.5,4.3,10.7,15.4,7.0
20,2018,36334.0,23338.0,1186416.0,35705205.0,3.32,-0.26,178465.0,15.04,-0.37,21.1 to 57.0,32.8,"2,241",37.12845451192733,2956.773598603798,19695.252286404684,Massachusetts,2018,13.4,3.6,11.4,22.4,7.0,5.6,12.8,18.1,6.8
21,2018,42519.0,31408.0,2815486.0,50756009.0,5.55,-0.75,331029.0,11.76,-0.27,21.1 to 57.0,26.6,"2,591",37.645465726426,4809.625964474362,41043.33238238086,Michigan,2018,18.9,5.4,14.3,19.5,8.9,6.1,16.6,23.2,7.7
22,2018,22901.0,16183.0,933763.0,23115688.0,4.04,-0.42,120468.0,12.9,-0.74,11.1 to 13.5,11.5,636,6.370146369136761,1206.6018754672443,9362.80283169329,Minnesota,2018,15.1,3.5,9.8,21.8,6.6,5.0,12.8,17.6,6.4
23,2018,9466.0,7162.0,899539.0,18271082.0,4.92,-0.68,69551.0,7.73,-0.63,6.9 to 11.0,10.8,310,5.529543907165023,1240.5977686684982,16160.650925312106,Mississippi,2018,20.5,4.3,15.4,13.8,9.5,5.6,16.5,21.7,7.1
24,2018,22210.0,14303.0,1823280.0,35978609.0,5.07,-0.3,207852.0,11.4,-0.75,21.1 to 57.0,27.5,"1,610",54.00835955478326,6972.51276408746,61009.66702470462,Missouri,2018,19.4,7.4,13.8,19.2,14.6,5.6,16.7,22.2,7.3
25,2018,4235.0,3135.0,250158.0,4367587.0,5.73,-0.27,36503.0,14.59,-0.85,11.1 to 13.5,12.2,125,2.04194214508146,596.2961129752682,4096.471563061374,Montana,2018,18.0,3.5,11.9,20.1,6.1,4.7,15.5,21.9,7.9
26,2018,7309.0,5334.0,416621.0,9711147.0,4.29,-0.21,57471.0,13.79,-0.26,6.9 to 11.0,7.4,138,13.01070554793455,5418.39317786483,39584.619974498375,Nebraska,2018,16.0,5.1,10.2,22.3,11.8,5.6,11.6,17.3,7.1
27,2018,8287.0,5869.0,604152.0,9641913.0,6.27,-0.96,82819.0,13.71,-0.3,11.1 to 13.5,21.2,688,35.72886362479708,4300.913890322775,31532.8137991291,Nevada,2018,15.7,2.9,14.5,17.0,7.7,,14.2,15.7,6.4
28,2018,6280.0,4108.0,254560.0,5917789.0,4.3,-0.28,50668.0,19.9,-1.06,21.1 to 57.0,35.8,452,14.930594207920416,1673.6799719621938,8571.317937779155,New Hampshire,2018,15.6,3.6,11.3,18.3,8.6,4.7,11.7,20.7,7.9
29,2018,32263.0,20400.0,1261303.0,36998355.0,3.41,-0.38,194169.0,15.39,-1.02,21.1 to 57.0,33.1,"2,900",214.2648683194616,14346.067316110872,93513.8758009975,New Jersey,2018,13.1,3.7,11.9,15.2,6.9,,10.5,11.8,7.1
30,2018,7682.0,5347.0,400898.0,7524386.0,5.33,-0.4,41073.0,10.25,-0.91,21.1 to 57.0,26.7,537,6.0431970425471455,462.220171561525,4511.809938073439,New Mexico,2018,15.2,5.0,14.5,15.7,9.8,,14.9,17.2,6.4
31,2018,94524.0,52569.0,2652977.0,99927942.0,2.65,-0.2,357563.0,13.48,-0.63,16.1 to 18.5,18.4,"3,697",176.6582677932912,17085.8696800034,126828.43926523963,New York,2018,12.8,6.3,11.2,18.4,14.6,5.4,12.4,15.1,6.8
32,2018,36863.0,27597.0,2822279.0,53706368.0,5.26,-0.42,355468.0,12.6,-0.59,21.1 to 57.0,22.4,"2,259",11.566612397288711,1820.0799360953624,14407.047790528552,North Carolina,2018,17.4,5.6,12.2,16.4,13.1,5.1,15.1,19.8,7.0
33,2018,3026.0,2147.0,136499.0,3817466.0,3.58,-0.33,19186.0,14.06,-1.33,6.9 to 11.0,10.2,70,0.6742688878368154,184.8074697433877,1329.3329046974293,North Dakota,2018,19.1,5.1,9.8,22.8,12.9,6.4,13.7,19.6,6.7
34,2018,46579.0,32421.0,2696898.0,64045351.0,4.21,-0.43,266991.0,9.9,-0.45,21.1 to 57.0,35.9,"3,980",525.0105529759393,35219.36998733643,357232.47613723966,Ohio,2018,20.5,5.0,13.1,17.0,9.3,5.4,13.2,20.0,7.2
35,2018,12320.0,9063.0,1190171.0,17803703.0,6.68,-0.41,156315.0,13.13,-0.82,16.1 to 18.5,18.4,716,6.132057979464628,1338.7327417039294,10207.604859494068,Oklahoma,2018,19.7,4.5,14.9,14.0,11.6,,18.5,23.3,7.2
36,2018,17427.0,12347.0,1032013.0,17110147.0,6.03,-0.47,137913.0,13.36,-1.44,11.1 to 13.5,12.6,547,13.8824207185612,3500.1211856653217,26251.08233477034,Oregon,2018,15.6,5.1,15.6,18.4,9.5,5.4,19.2,26.2,7.9
37,2018,58788.0,36993.0,3006794.0,75965494.0,3.96,-0.39,444007.0,14.77,-0.93,21.1 to 57.0,36.1,"4,415",105.57437481557363,10617.386509340522,72564.33678240671,Pennsylvania,2018,17.0,5.0,12.9,18.6,9.0,,15.0,21.6,7.3
38,2018,5031.0,3346.0,184263.0,6155210.0,2.99,-0.27,19748.0,10.72,-0.82,21.1 to 57.0,30.1,317,2.4763841229561434,154.27013772914168,1440.9459883961397,Rhode Island,2018,14.6,5.7,12.7,18.6,10.9,5.5,15.5,20.8,7.3
39,2018,17338.0,12152.0,1380213.0,26529907.0,5.2,-0.44,139873.0,10.13,-0.09,21.1 to 57.0,22.6,"1,125",106.30386653147964,13216.925087429025,130742.47423207754,South Carolina,2018,18.0,5.4,13.2,16.7,11.6,,15.8,19.9,7.6
40,2018,3436.0,2540.0,190210.0,4348369.0,4.37,-0.4,29796.0,15.66,-0.62,6.9 to 11.0,6.9,57,1.1211300361357914,586.0559746789831,3788.08699316587,South Dakota,2018,19.0,3.1,9.6,23.2,7.7,4.6,11.0,16.3,7.9
41,2018,25515.0,18936.0,2481486.0,40226477.0,6.17,-0.51,269830.0,10.87,-1.13,21.1 to 57.0,27.5,"1,823",207.4660463549479,30707.933783848373,284291.0955608408,Tennessee,2018,20.7,5.6,16.0,15.7,12.2,5.6,18.7,25.2,7.6
42,2018,76460.0,55020.0,4833107.0,95543731.0,5.06,-0.3,405520.0,8.39,-0.46,6.9 to 11.0,10.4,"3,005",44.37631052253143,5988.512959433259,72041.3146973102,Texas,2018,14.4,5.0,11.8,18.7,16.0,5.2,15.3,16.5,5.1
43,2018,9104.0,6889.0,537426.0,7907035.0,6.8,-0.47,74550.0,13.87,-0.75,21.1 to 57.0,21.2,624,2.1796335183763014,260.4033314021687,1899.3490538154556,Utah,2018,9.0,3.2,10.3,11.3,7.6,6.1,20.3,24.3,6.1
44,2018,2778.0,1776.0,117296.0,2699094.0,4.35,-0.52,24883.0,21.21,-0.23,21.1 to 57.0,26.6,153,4.851675096320021,789.0472641943207,3782.470537322616,Vermont,2018,13.7,4.3,12.0,18.5,10.1,,14.2,21.2,7.5
45,2018,27466.0,19641.0,1388036.0,31488501.0,4.41,-0.46,162225.0,11.69,-0.14,16.1 to 18.5,17.1,"1,448",231.91822640216031,25982.689418570757,222319.10613379805,Virginia,2018,14.9,3.9,11.1,16.9,6.5,4.9,13.1,16.6,6.9
46,2018,28635.0,19833.0,1458542.0,24719635.0,5.9,-0.5,210669.0,14.44,-1.03,13.6 to 16.0,14.8,"1,164",13.69204612102216,2478.083904011699,17233.1424016791,Washington,2018,12.0,4.4,11.8,16.5,8.4,,18.2,23.6,7.1
47,2018,7787.0,4979.0,550823.0,12380535.0,4.45,-0.45,42330.0,7.68,-0.71,21.1 to 57.0,51.5,856,11.377125252978225,562.6094765871123,7420.128507810881,West Virginia,2018,25.2,3.2,19.2,12.6,7.9,,18.2,26.6,8.0
48,2018,22161.0,16051.0,1248105.0,26712259.0,4.67,-0.44,180568.0,14.47,-1.54,18.6 to 21.0,19.2,"1,079",59.80188339907476,10007.698314739697,68690.27255856343,Wisconsin,2018,16.4,6.1,12.0,25.0,12.2,4.8,13.5,19.6,7.8
49,2018,1953.0,1396.0,99569.0,1882687.0,5.29,-0.35,14508.0,14.57,0.09,11.1 to 13.5,11.1,66,1.1364798672591516,249.8189380938753,1719.6166064440763,Wyoming,2018,18.8,4.0,11.2,19.0,6.7,6.5,10.5,17.9,7.0
